pub const WHITE_PAWN_MAP: [f32; 64] = [
    1.0, 1.0, 1.0, 1.0, 1.0, 1.0, 1.0, 1.0,
    3.0, 3.0, 3.0, 3.0, 3.0, 3.0, 3.0, 3.0,
    2.0, 2.0, 2.5, 2.5, 2.5, 2.0, 2.0, 2.0,
    1.5, 1.5, 2.0, 2.0, 2.0, 1.5, 1.5, 1.5,
    1.0, 1.0, 1.5, 1.5, 1.5, 0.7, 0.7, 1.0,
    1.0, 1.0, 1.25, 1.25, 1.25, 0.9, 0.9, 1.0,
    1.0, 1.0, 1.0, 1.0, 1.0, 1.0, 1.0, 1.0,
    1.0, 1.0, 1.0, 1.0, 1.0, 1.0, 1.0, 1.0,
];

pub const BLACK_PAWN_MAP: [f32; 64] = [
    1.0, 1.0, 1.0, 1.0, 1.0, 1.0, 1.0, 1.0,
    1.0, 1.0, 1.0, 1.0, 1.0, 1.0, 1.0, 1.0,
    1.0, 1.0, 1.25, 1.25, 1.25, 0.9, 0.9, 1.0,
    1.0, 1.0, 1.5, 1.5, 1.5, 0.7, 0.7, 1.0,
    1.5, 1.5, 2.0, 2.0, 2.0, 1.5, 1.5, 1.5,
    2.0, 2.0, 2.5, 2.5, 2.5, 2.0, 2.0, 2.0,
    3.0, 3.0, 3.0, 3.0, 3.0, 3.0, 3.0, 3.0,
    1.0, 1.0, 1.0, 1.0, 1.0, 1.0, 1.0, 1.0,
];

pub const KNIGHT_MAP: [f32; 64] = [
    1.0, 1.0, 1.0, 1.0, 1.0, 1.0, 1.0, 1.0,
    1.0, 1.1, 1.1, 1.1, 1.1, 1.1, 1.1, 1.0,
    1.0, 1.1, 1.2, 1.2, 1.2, 1.2, 1.1, 1.0,
    1.0, 1.1, 1.2, 1.5, 1.5, 1.2, 1.1, 1.0,
    1.0, 1.1, 1.2, 1.5, 1.5, 1.2, 1.1, 1.0,
    1.0, 1.1, 1.2, 1.2, 1.2, 1.2, 1.1, 1.0,
    1.0, 1.1, 1.1, 1.1, 1.1, 1.1, 1.1, 1.0,
    1.0, 1.0, 1.0, 1.0, 1.0, 1.0, 1.0, 1.0,
];